.Random.seed <-
c(403L, 1L, -1947087357L, -503835615L, 335795984L, -13988626L, 
-781806439L, -1700429525L, 590886938L, -618843428L, -1190399265L, 
-1142313803L, 1645677132L, -1408305502L, 1599430141L, 292222711L, 
1552719902L, 1772892888L, 507500091L, -98442279L, -1151561368L, 
-1258231658L, 1353606673L, -777216061L, 867558354L, -47866268L, 
-500437593L, -950680835L, -2083162380L, 1748738522L, 1003414821L, 
-2071501761L, -229076026L, -983826352L, -856511373L, -740900719L, 
1392599232L, -447952226L, -845478295L, 1537521307L, -2090230870L, 
1569193932L, 996373135L, 1351375557L, -1454165380L, 388128466L, 
-1952073139L, -1930438905L, -1956955410L, 1128869832L, -1288441653L, 
-1195650775L, -1398249096L, -175538522L, 720103617L, -641998509L, 
2114047490L, 553883444L, 2142803127L, -2049866579L, 1428758980L, 
-343326230L, 16473685L, 1435725807L, -1108942858L, 546150688L, 
-513468701L, -180752511L, 2004253168L, -2026149746L, -1339420679L, 
-1870207605L, -1256980038L, 2140602556L, -536501249L, 1701294421L, 
-1946670484L, -1838563646L, -68753123L, -880869481L, 371866366L, 
1807327416L, 140487323L, -1835333383L, -957498808L, -1452055178L, 
169194673L, -1752221469L, 188757938L, 114370564L, 954825543L, 
-2126900707L, 750954644L, 1332111418L, -1434580347L, 433699679L, 
-891005978L, 562241136L, 193679763L, 1042290225L, -525546272L, 
1866407294L, -1257844727L, 1341538363L, -873329142L, 1191157228L, 
971182703L, -107389531L, 1538694492L, 241230130L, -992460755L, 
1081063L, 421598222L, 445816296L, 1323239403L, 1419155593L, 1745976344L, 
1971673926L, -602232415L, 1950324787L, 1437160866L, -102158188L, 
2051299095L, 467738893L, 59983908L, 1324877834L, 482524533L, 
-284185393L, 1916600278L, -756629632L, -1994476605L, -700975775L, 
-947352624L, 42773294L, -874834215L, -959838997L, 883246426L, 
436991772L, 1189704223L, 2115408501L, -1577951476L, 1510789858L, 
175589309L, 1013284919L, -995063074L, 107214360L, -2024892037L, 
138924313L, -1797636696L, 1451008342L, 1390862801L, -746806909L, 
716283922L, -1977298012L, 474604391L, -1078069059L, 1469202484L, 
-984542310L, 2089033701L, 892742527L, -272999674L, 44520592L, 
872473907L, -1554054447L, 117835904L, -1457114786L, -1300150615L, 
-249810597L, 1595136874L, -2109631988L, -552209841L, 379051781L, 
-1376086084L, 1099829906L, -814524019L, -290881081L, -1657118034L, 
2121902856L, 1269176587L, -307058711L, -258932552L, 819242854L, 
-822868991L, -873139565L, -112356030L, 162495220L, 1425901303L, 
-40778003L, -1347481212L, -734814294L, 932783381L, -434712657L, 
1348911030L, -684694048L, 381926691L, 1429590593L, -1356301008L, 
272996174L, -767427143L, -1913610293L, -338930566L, -816003716L, 
-1638801985L, -759555435L, 1687734444L, -88305022L, -168420771L, 
-1281372841L, -1213943746L, -138476424L, 1361809243L, 1424538297L, 
-1311385848L, 52620726L, -718212367L, 773649699L, 1516351346L, 
-1897546300L, -290421369L, -364886179L, 1174096212L, 118377338L, 
-569087291L, 1076214815L, 824413094L, 1114213680L, -835113005L, 
-1764188687L, -1095636192L, 1854611152L, -142862174L, -2048340952L, 
-1495767796L, 1328146364L, -1480349390L, -1195316800L, -345159116L, 
1495260104L, -1298696006L, -1535366768L, -1472622100L, -1850260908L, 
1344598162L, -843632864L, 1116088780L, -937634336L, -348391742L, 
944006184L, -1926188372L, -2078153540L, -186045966L, -201772752L, 
-1411853148L, 725862072L, -1504690854L, 1705899408L, 453956476L, 
-914134764L, -469826750L, 1266227968L, -710363204L, 1824546640L, 
-556924126L, -931259064L, -101144052L, 293144668L, 1010040018L, 
928258560L, 1159130452L, -1092724248L, 1115868154L, 1947336912L, 
1003654444L, 423011060L, -1753851502L, 1721381984L, 1103111436L, 
1647760096L, -822982302L, 2018843304L, -565378484L, -260394628L, 
-2050521806L, -1575014288L, 1653262148L, -1194639912L, -951874438L, 
-837063120L, -321500484L, -537485484L, 1586598978L, 389430688L, 
1920535228L, 1419295184L, -403702430L, -381980696L, -2076358708L, 
46042876L, -588226062L, 1745324160L, 439649524L, 1291683464L, 
462313274L, 981513040L, -1346623892L, 1469333652L, -1810312878L, 
-858063136L, 723350220L, -1535676256L, -1982022782L, 1877471976L, 
-1207069972L, -1077666756L, -538439054L, -266341264L, 1697383972L, 
-1160494024L, -789202918L, -851535152L, 1181717564L, 161981588L, 
252517506L, 792807360L, 1826904380L, -753069424L, 749202466L, 
17646600L, 11225228L, 1410759708L, 1316591250L, 910476416L, 1441550356L, 
-1230887640L, -440037830L, -1039293232L, 2037470316L, 689107636L, 
1538234386L, -562903072L, 217837516L, -1464365600L, 158793250L, 
-913692376L, 1116639500L, 2098374204L, 363696370L, -1719522576L, 
-147991740L, -733537704L, 904643130L, -1780267280L, 228215996L, 
-1305588204L, -1275674430L, -1586405280L, -18977412L, 1327873232L, 
-1966240734L, 2071902888L, 1501986700L, 1539955132L, -458931150L, 
-1751709888L, 1212553396L, -1830964408L, 581290682L, 1461014288L, 
1960704236L, -1781492652L, 1507276562L, 657896352L, 748756940L, 
328149856L, 160981186L, 1138099752L, 376067500L, -1172140228L, 
-1242275982L, -64064720L, -1704418780L, -1522847688L, -483242790L, 
-1858518640L, -758974724L, -1393143916L, 4940610L, 1283987968L, 
1408393788L, -962079152L, -1952017758L, -760267960L, -46949876L, 
836152540L, -1581452718L, -71841664L, -1996719276L, 777523688L, 
1320069882L, 1945261904L, 1353835564L, 1342559604L, -152887662L, 
1495218784L, 1692701324L, -671585440L, -593284382L, 757684392L, 
379113676L, 1392886268L, -802357326L, 1904940528L, 1666231748L, 
-838207656L, -1254368390L, 133627312L, -386317892L, -146710444L, 
-663030846L, -247143648L, -1013442628L, -2067451312L, 1181019618L, 
1640952168L, 790973772L, 250339580L, -29310222L, 1156280064L, 
-694976908L, 1975074824L, -545181254L, -1185837104L, -633959956L, 
1100228500L, -1492364590L, 1987673696L, -1889835700L, -2128198368L, 
799713922L, 908696040L, 2054864876L, 914015804L, 1645725298L, 
-1433588880L, -1716606684L, 1001857592L, -1444521574L, -1498531376L, 
121464252L, 910055572L, 1542976642L, -1785059904L, 1182206780L, 
1215982736L, -938140894L, 117044744L, 2031320674L, 1825886455L, 
-1128086719L, 118454726L, 499548932L, 1212409525L, -658206305L, 
611700216L, 1841578966L, 959422051L, -1511678427L, 2131783106L, 
-1624038736L, -1325569319L, -1685451701L, -1767746884L, -1761980182L, 
173493535L, 1072305577L, 1741517630L, -2017735124L, 1288502397L, 
-1221163321L, 745848752L, 800788942L, 1257442043L, 1377212765L, 
-1871713654L, -366995288L, 1922247697L, 1061387523L, 1666502660L, 
1101553714L, 1624377479L, -1662532399L, 136912470L, 1861348916L, 
-545225403L, 1840596879L, -908496120L, -1027721946L, -1342050861L, 
947578677L, -914919790L, 1130338912L, 2026585033L, 995425019L, 
-176372532L, 1888869722L, 1407250511L, 488168729L, 492328750L, 
-1541166788L, 891068077L, -881993385L, -880748384L, -57874946L, 
1977825483L, -1943484723L, 1043255802L, -1294620104L, -473077791L, 
894820499L, -770243916L, 870633410L, 1482439639L, -1766796255L, 
704799718L, 498519780L, 1091328533L, 1176130111L, -805377576L, 
2008621046L, -910252029L, 1385005893L, 1486948194L, 1189783760L, 
297735161L, -1625690325L, -1091416932L, -1035042102L, 1358203839L, 
781371145L, 897363998L, -600325684L, 211635101L, -2067511769L, 
-1837659056L, -141003538L, 1018098075L, -1132959747L, -762961174L, 
422475144L, -1726778575L, 827632547L, -719406172L, -778299822L, 
-1493174873L, 948367857L, -1162566346L, 852430292L, -1881250971L, 
1178676079L, -46422616L, -1122616570L, 1581235763L, -811649899L, 
-1081086734L, 933469504L, -1004723543L, -1047057637L, -254681876L, 
-371154694L, -45276881L, -1220897479L, -1297983666L, 2143608220L, 
-385007859L, -908838537L, 1767316864L, -780731426L, -33024853L, 
-723374163L, -582294502L, -2115171624L, 1213596481L, -479333389L, 
1344634388L, 1577342882L, 1330997431L, 1935372929L, -115699066L, 
1503765188L, 1254753269L, -1955423649L, -122237768L, -821605994L, 
-94678109L, 722487141L, -1270874494L, -1220781072L, -1928454759L, 
926274443L, -345465220L, 841585834L, -1164048673L, 1180327017L, 
